14.901
14.9132
14.9254
14.9376
14.9498
14.962
14.9828
15.0036
15.0244
15.0452
15.066
15.0886
15.1112
15.1338
15.1564
15.179
15.2028
15.2266
15.2504
15.2742
15.298
15.3222
15.3464
15.3706
15.3948
15.419
15.4454
15.4718
15.4982
15.5246
15.551
15.5794
15.6078
15.6362
15.6646
15.693
15.723
15.753
15.783
15.813
15.843
15.8746
15.9062
15.9378
15.9694
16.001
16.0342
16.0674
16.1006
16.1338
16.167
16.205
16.243
16.281
16.319
16.357
16.3972
16.4374
16.4776
16.5178
16.558
16.5998
16.6416
16.6834
16.7252
16.767
16.8102
16.8534
16.8966
16.9398
16.983
17.0276
17.0722
17.1168
17.1614
17.206
17.2572
17.3084
17.3596
17.4108
17.462
17.5166
17.5712
17.6258
17.6804
17.735
17.7914
17.8478
17.9042
17.9606
18.017
18.075
18.133
18.191
18.249
18.307
18.3662
18.4254
18.4846
18.5438
18.603
